3 0.04805243445692884 0.5126020408163265 0.09614232209737829 0.13576530612244897
3 0.14378277153558053 0.5129081632653061 0.1643820224719101 0.11137755102040815
3 0.2648689138576779 0.5211224489795918 0.12692883895131085 0.09153061224489796
3 0.3497752808988764 0.5245408163265306 0.08198501872659177 0.08474489795918368
3 0.42842696629213484 0.5335714285714286 0.0894756554307116 0.0666326530612245
3 0.5016479400749063 0.530765306122449 0.07782771535580525 0.058673469387755105
3 0.5526591760299625 0.5381122448979592 0.058277153558052436 0.04392857142857143
3 0.601123595505618 0.5412244897959183 0.04370786516853933 0.04112244897959184
3 0.9800374531835206 0.4811734693877551 0.0399625468164794 0.1816326530612245
3 0.9388389513108614 0.4820408163265306 0.08490636704119851 0.16974489795918368
3 0.8780524344569288 0.528469387755102 0.048277153558052434 0.07
3 0.8354307116104869 0.5012755102040817 0.1552059925093633 0.12438775510204081
3 0.7497003745318351 0.5157142857142857 0.04370786516853933 0.1057142857142857
3 0.7141198501872659 0.5160204081632653 0.05659176029962547 0.09719387755102041