3 0.17415624999999998 0.47791666666666666 0.18165625000000002 0.12858333333333333
3 0.35750000000000004 0.4876666666666667 0.19 0.11245833333333333
3 0.46209375 0.4826666666666667 0.09084375 0.09579166666666666
3 0.52978125 0.4857083333333333 0.11290625000000001 0.08637500000000001
3 0.61853125 0.492375 0.10540624999999999 0.07304166666666667
3 0.69290625 0.48791666666666667 0.08915625 0.07525
3 0.75540625 0.48654166666666665 0.05915625 0.07470833333333333
3 0.81771875 0.49404166666666666 0.07209375 0.056374999999999995
3 0.88771875 0.4967916666666667 0.07709375 0.05083333333333333
3 0.9763437500000001 0.497375 0.041031250000000005 0.049708333333333334
3 0.9372812500000001 0.5017916666666667 0.04290625 0.0475