3 0.9743820224719102 0.4915816326530612 0.05127340823970037 0.13964285714285715
3 0.8663295880149813 0.47479591836734697 0.1907116104868914 0.16
3 0.7134456928838951 0.495765306122449 0.11374531835205993 0.11744897959183673
3 0.6313483146067416 0.48612244897959184 0.1750936329588015 0.13188775510204082
3 0.5322846441947565 0.49760204081632653 0.06333333333333334 0.09081632653061225
3 0.4706367041198502 0.4990816326530612 0.08625468164794008 0.08137755102040815
3 0.4033333333333333 0.5019897959183673 0.07415730337078652 0.06969387755102041
3 0.3995880149812734 0.4928571428571428 0.1104119850187266 0.08244897959183674
3 0.31940074906367044 0.5022448979591837 0.05625468164794007 0.05918367346938775
3 0.049999999999999996 0.5035204081632653 0.09063670411985018 0.0525
3 0.006554307116104869 0.49408163265306126 0.013146067415730336 0.07954081632653061
3 0.06857677902621723 0.48709183673469386 0.052434456928838954 0.03285714285714286