3 0.9706250000000001 0.4890416666666667 0.058750000000000004 0.1396666666666667
3 0.8695937499999999 0.4735 0.18415625 0.15745833333333334
3 0.733125 0.48683333333333334 0.11374999999999999 0.11745833333333335
3 0.65146875 0.481 0.17040625 0.119125
3 0.5416562500000001 0.5001666666666666 0.06334375 0.09083333333333334
3 0.48187499999999994 0.49654166666666666 0.08625000000000001 0.081375
3 0.40709375000000003 0.5007083333333333 0.07415625 0.06970833333333333
3 0.40896875 0.4826666666666667 0.11040625 0.08245833333333333
3 0.32687499999999997 0.5009583333333334 0.05625 0.059166666666666666
3 0.015 0.4985 0.03 0.08083333333333333
3 0.055625 0.5009583333333334 0.11125 0.0525
3 0.0826875 0.48783333333333334 0.055781250000000004 0.019874999999999997