3 0.33730337078651684 0.433265306122449 0.08696629213483145 0.06994897959183674
3 0.4217602996254682 0.43892857142857145 0.05782771535580524 0.05862244897959184
3 0.6689513108614232 0.46785714285714286 0.03786516853932584 0.05525510204081633
3 0.7482397003745318 0.46494897959183673 0.07655430711610488 0.05678571428571429
3 0.7817228464419476 0.4686734693877551 0.05700374531835206 0.056938775510204084
3 0.8610112359550561 0.47428571428571425 0.10820224719101124 0.05341836734693878
3 0.9234082397003746 0.47306122448979593 0.060861423220973786 0.04647959183673469
3 0.9637827715355805 0.47719387755102044 0.0649063670411985 0.05357142857142857
7 0.592808988764045 0.4276020408163265 0.1202621722846442 0.12209183673469387
7 0.49397003745318346 0.42928571428571427 0.11071161048689138 0.10510204081632654
7 0.2203370786516854 0.391734693877551 0.1261048689138577 0.13188775510204082