3 0.16104868913857678 0.4922448979591837 0.20224719101123595 0.12892857142857142
3 0.3535205992509363 0.5010204081632653 0.17936329588014982 0.11479591836734694
3 0.4548314606741573 0.5052551020408164 0.08404494382022472 0.08928571428571429
3 0.5137453183520598 0.5010204081632653 0.10363295880149813 0.08755102040816326
3 0.5940449438202248 0.5035714285714286 0.10779026217228464 0.07908163265306123
3 0.6731086142322097 0.5075 0.07947565543071161 0.07112244897959183
3 0.7259550561797753 0.5015816326530612 0.06865168539325842 0.0660204081632653
3 0.7967041198501873 0.5143367346938775 0.07700374531835205 0.05071428571428571
3 0.8664044943820225 0.5131632653061224 0.0699250936329588 0.05301020408163266
3 0.9263295880149813 0.5086734693877552 0.0499250936329588 0.04846938775510204
3 0.9733707865168539 0.5126020408163265 0.045767790262172287 0.04051020408163265