3 0.02028125 0.4897916666666667 0.0405625 0.074125
3 0.898125 0.4101666666666667 0.20375000000000001 0.25075
3 0.73915625 0.4457083333333333 0.23334375000000002 0.153
3 0.535625 0.4535 0.21875 0.13745833333333335
3 0.409375 0.44629166666666664 0.21625 0.16520833333333332
3 0.30143749999999997 0.4780416666666667 0.06425 0.07370833333333333
3 0.271625 0.48358333333333337 0.0475625 0.0465
3 0.25340625 0.48170833333333335 0.04965625 0.050208333333333334
3 0.22540624999999997 0.49145833333333333 0.04375 0.03866666666666666
3 0.057999999999999996 0.4907916666666667 0.038375 0.05525
3 0.07484375 0.4888333333333333 0.025875 0.03858333333333333