3 0.9650561797752809 0.43214285714285716 0.0699250936329588 0.29668367346938773
3 0.9044943820224719 0.4213775510204082 0.12359550561797752 0.22979591836734695
3 0.7557303370786517 0.4372448979591837 0.07823970037453183 0.0688265306122449
3 0.809812734082397 0.44005102040816324 0.026629213483146067 0.06316326530612246
3 0.8358426966292134 0.42392857142857143 0.026217228464419477 0.07168367346938775
3 0.469812734082397 0.4627551020408163 0.09902621722846443 0.05862244897959184
3 0.5237078651685394 0.45877551020408164 0.04868913857677903 0.05295918367346939
3 0.5582771535580524 0.4576530612244898 0.044531835205992513 0.04841836734693877
3 0.580749063670412 0.4505612244897959 0.029550561797752808 0.04561224489795918
3 0.38348314606741574 0.46188775510204083 0.05951310861423221 0.043316326530612244
3 0.42134831460674155 0.45566326530612244 0.033707865168539325 0.04903061224489796
3 0.27029962546816483 0.465 0.04119850187265917 0.04729591836734694
3 0.3029588014981273 0.4641326530612245 0.03827715355805244 0.052397959183673466
3 0.3302247191011236 0.4576530612244898 0.03621722846441947 0.04841836734693877