3 0.035625000000000004 0.5226666666666666 0.07125000000000001 0.18245833333333333
3 0.08771875 0.5270833333333333 0.13709375 0.14024999999999999
3 0.26290625 0.5138333333333333 0.08415625 0.07312500000000001
3 0.34646875 0.5084583333333333 0.07959374999999999 0.06749999999999999
3 0.41978125000000005 0.5042916666666667 0.06790625 0.059166666666666666
3 0.49790625000000005 0.5040416666666666 0.08915625 0.08970833333333333
3 0.5912499999999999 0.48433333333333334 0.0725 0.059166666666666666
3 0.79521875 0.47850000000000004 0.10209375000000001 0.08079166666666666
3 0.73375 0.48183333333333334 0.052500000000000005 0.06079166666666667
3 0.9668749999999999 0.4670833333333333 0.06625 0.07358333333333333
3 0.87021875 0.48125 0.06209375 0.06858333333333334