3 0.039375 0.449625 0.07875 0.11854166666666667
3 0.08209375 0.44129166666666664 0.14584375 0.14854166666666666
3 0.2756875 0.442375 0.07671875 0.07145833333333333
3 0.32840625 0.4421666666666667 0.025750000000000002 0.057041666666666664
3 0.3541875 0.44004166666666666 0.029125 0.05054166666666667
3 0.43646874999999996 0.4312916666666667 0.054593749999999996 0.06191666666666666
3 0.5777187500000001 0.43016666666666664 0.02290625 0.05745833333333333
3 0.63146875 0.4129583333333333 0.09040625 0.091875
3 0.72978125 0.4276666666666667 0.11209374999999999 0.10579166666666667
3 0.87853125 0.404625 0.21459375 0.14854166666666666
3 0.9643750000000001 0.3701666666666667 0.07125000000000001 0.1440833333333333